0.1563 0.1497 0.2000 -0.0000 0.0000 0.0000
0.1563 0.1524 0.2610 -0.0873 0.0000 0.0000
0.1563 0.1603 0.3216 -0.1745 0.0000 0.0000
0.1563 0.1735 0.3812 -0.2618 0.0000 0.0000
0.1563 0.1919 0.4394 -0.3491 0.0000 0.0000
0.1563 0.2153 0.4958 -0.4363 0.0000 0.0000
0.1563 0.2435 0.5500 -0.5236 0.0000 0.0000
0.1563 0.2763 0.6015 -0.6109 0.0000 0.0000
0.1563 0.3135 0.6500 -0.6981 0.0000 0.0000
0.1563 0.3547 0.6950 -0.7854 0.0000 0.0000
0.1563 0.3997 0.7362 -0.8727 0.0000 0.0000
0.1563 0.4482 0.7734 -0.9599 0.0000 0.0000
0.1563 0.4997 0.8062 -1.0472 0.0000 0.0000
0.1563 0.5539 0.8344 -1.1345 0.0000 0.0000
0.1563 0.6103 0.8578 -1.2217 0.0000 0.0000
0.1563 0.6685 0.8762 -1.3090 0.0000 0.0000
0.1563 0.7281 0.8894 -1.3963 0.0000 0.0000
0.1563 0.7887 0.8973 -1.4835 0.0000 0.0000
0.1563 0.7887 0.8973 -1.4835 0.0000 0.0000
0.1563 0.8355 0.9000 -1.5708 0.0000 0.0000


